4689
8506
4717
2552
9978
1544
4681
5700
7206
9703
5951
8832
2766
4768
719
584
3881
186
395
4617
838
2438
4942
6869
8810
5088
2263
9589
5908
4929
4308
1314
6098
9522
7308
8552
8677
470
2876
8362
4868
1425
7132
2258
5913
2752
5125
7359
702
4108
9017
6746
793
697
5811
1039
644
7889
8119
9844
9560
1121
9235
1059
260
2703
3205
3460
713
3216
3088
1720
2196
2190
5790
6147
6089
6471
481
8020
5508
1960
7949
2955
2420
484
6686
1985
2430
2440
9302
4804
8772
2369
4193
4281
8430
2736
5343
6447
1100
6146
6590
3106
347
7477
9074
3742
8895
7311
8270
3077
5784
580
9153
7585
405
1506
8527
3250
3209
17
1655
2899
867
560
4623
9503
4080
4150
5127
1292
3361
5132
6080
7347
4171
4764
8127
7212
1084
1789
7948
788
2866
4234
2737
7885
1462
8036
6191
2246
8809
9250
2149
2177
3754
7800
6918
6374
5340
9087
8308
4643
5910
6538
9351
1583
3662
6921
9174
164
7730
3823
2275
8150
913
1382
7632
7460
3073
1155
7908
5225
7753
5273
5753
6950
4338
3811
5927
4206
71
209
4070
5060
787
2998
1763
8163
4019
5235
7069
9480
7775
5299
6057
972
5864
4140
9156
9402
9095
651
5350
2622
8567
9420
3326
5215
940
6801
9116
3016
3270
4682
5720
2485
5200
1563
7399
4898
3531
4264
5775
7691
6626
4556
9124
5356
5513
9472
8276
9601
8732
5725
9263
3803
8998
3631
384
1538
1258
7215
7760
8882
4125
6897
2008
2947
4013
973
7808
5257
3371
6505
3562
3791
1411
4894
9343
896
213
1723
9791
5165
4558
2218
1005
8402
6077
5712
9400
2783
4871
3272
2986
1404
9131
7204
4741
8360
1461
5832
303
4090
9376
4690
5295
7103
4928
5923
3534
9438
6740
989
3878
3712
8821
6882
7391
1680
4196
6993
5385
7322
5981
6445
2815
68
4502
5349
1872
9451
8723
4116
9718
2198
8396
7329
1647
9290
3543
635
6039
6290
1023
4123
9460
2542
1476
4280
2504
4251
9707
9409
1136
4245
7490
3917
8295
9595
1957
3689
733
3523
9904
9889
7199
7942
6518
9577
2792
9519
532
1455
546
3282
1947
2722
8467
8405
853
4
4604
2127
441
8603
1098
5815
11
595
3473
659
1784
5943
5147
6695
3409
959
7479
7550
7012
3150
3204
2820
7836
7694
3642
20
7142
8258
4266
8408
8831
3130
1296
6093
86
7659
9125
7411
2137
5817
6960
5266
8075
2610
7420
1132
5918
2119
9355
6383
1637
4801
9628
8943
8234
7016
4455
850
9132
5761
253
4297
4806
4434
249
6253
5565
7481
8847
7485
7652
3868
767
1530
4433
9167
3698
7397
1610
2020
1423
5537
7921
2689
285
7618
2363
1384
9528
4119
5209
6363
1452
7398
8413
7829
370
3438
614
6135
4588
2321
3439
8432
2913
2925
1286
5604
7121
8448
1748
4046
1631
5450
101
2692
5169
3813
6922
7441
4585
4860
3290
2869
8705
4802
